	R [arcmin]	v [km/s]
       9.8999996       1034.0669
       20.129999       1013.8658
       12.640000       1055.4016
       12.160000       776.81238
       9.9799995       1606.6024
       11.490000       774.13261
       9.7200003       1279.8810
       9.3000002       1215.9796
       9.0100002       1204.6423
       9.7600002       1245.5597
       12.230000       921.20882
       8.6899996       853.59708
       11.590000       1154.1396
       8.8999996       1158.2623
       8.2399998       1129.4036
       9.2700005       1192.0682
       7.6300001       1159.2929
       13.800000       1065.8115
       8.3199997       1184.3382
       7.1900001       1159.2929
       7.2600002       438.85661
       7.4800000       1269.5743
       11.250000       1059.2152
       9.6099997       923.06401
       6.9099998       1077.8702
       14.970000       1111.1608
       7.0999999       1069.6249
       6.6700001       1095.2885
       6.0000000       498.63530
       5.9200001       948.00616
       6.7700000       1126.3116
       5.8000002       1035.6129
       5.4099998       1194.8509
       5.4299998       1481.8917
       5.0300002       1516.9344
       5.1900001       1030.4595
       14.290000       992.01566
       10.710000       1143.6268
       5.5599999       1164.6523
       4.6700001       1186.0903
       5.5999999       1309.7703
       4.3899999       798.55943
       14.530000       1115.4896
       4.8299999       983.97647
       4.2500000       292.50188
       4.2800002       1013.9689
       4.5000000       1521.0571
       4.3800001       804.74344
       4.0100002       892.35014
       4.1500001       1437.7791
       4.0900002       1136.9275
       3.9200001       1271.6356
       4.0999999       1492.1984
       4.8099999       1255.2480
       5.0900002       1142.8022
       4.1900001       1231.4396
       5.8699999       922.23949
       3.8099999       1240.7156
       6.6100001       1072.9230
       3.7600000       1085.0849
       3.8099999       1422.2161
       3.5300000       1180.8339
       4.3000002       819.17277
       4.0999999       912.44815
       3.7700000       1147.9556
       5.2300000       1106.7289
       3.2900000       1547.8544
       12.250000       1187.1209
       15.670000       1366.7663
       5.4600000       960.99254
       3.1099999       1454.8883
       3.7400000       1291.2183
       2.8900001       1212.8876
       17.559999       1148.8832
       3.1900001       732.59674
       2.9300001       1214.9489
       3.8199999       1251.6407
       3.2800000       1243.8076
       2.8199999       768.15475
       8.4099998       1108.4810
       2.8000000       1454.0637
       5.4699998       1162.3849
       7.4200001       834.63278
       3.2600000       1164.4463
       2.7200000       1481.7887
       2.5999999       1274.1093
       2.7700000       1186.1933
       3.2200000       1207.5282
       2.8199999       1392.2237
       4.0000000       1340.6903
       3.0999999       1286.0650
       6.4200001       964.49684
       2.3499999       1045.9195
       4.6999998       945.53254
       7.6900001       1112.9129
       8.9300003       1074.5721
       2.5000000       1175.7836
       2.2900000       901.62614
       2.0200000       1364.4987
       3.5899999       770.73142
       2.2800000       1203.4055
       2.0899999       1145.8942
       3.3099999       1528.2717
       3.7200000       1147.4402
       2.7500000       865.55279
       1.7900000       809.89677
       2.5799999       1364.8080
       8.8100004       608.91668
       5.1500001       1189.1823
       5.1199999       606.85535
       11.190000       1080.3438
       6.0400000       1199.4889
       2.3499999       892.35014
       3.7400000       1124.2502
       3.1700001       1153.6243
       8.2799997       1752.9572
       3.0799999       1457.1557
       5.8000002       1311.8317
       2.7500000       1073.7476
       8.1899996       1182.3799
       4.8000002       1438.6037
       6.3099999       917.08615
       3.4000001       1124.2502
       15.120000       1432.6258
       3.2000000       828.44878
       2.5000000       1268.5436
       6.9699998       1163.3125
       2.3099999       1403.5610
       2.0599999       1423.1437
       1.7600000       1054.1649
       3.5200000       902.65681
       2.7800000       1126.3116
       2.0799999       1299.4636
       5.0200000       964.49684
       6.7800002       1498.3824
       7.5500002       1133.3202
       2.5100000       1420.0517
       1.7200000       1294.3103
       7.4699998       1402.8396
       1.8700000       1007.4757
       7.0300002       1120.1276
       4.9200001       1293.7950
       1.8300000       1203.6116
       2.4800000       612.00869
       1.9000000       1531.3637
       1.9700000       1272.6663
       1.6500000       549.13799
       2.0100000       1043.1368
       4.0900002       1274.7276
       1.9000000       1156.2009
       2.9600000       975.93722
       3.8900001       1255.1450
       5.9800000       1293.8980
       2.3599999       1111.8822
       17.000000       1147.1310
       2.2500000       957.28217
       4.5599999       889.25814
       5.2100000       1196.3969
       2.6400001       1178.8756
       8.8000002       860.19331
       4.2199998       882.04347
       5.1700001       1049.0115
       2.7200000       1011.2891
       2.3399999       978.92618
       4.0999999       1128.9913
       3.0100000       1100.5449
       2.3499999       999.43648
       2.7300000       1269.6773
       3.4100001       937.69949
       2.5300000       1043.5490
       2.3699999       944.91416
       3.0500000       1209.7956
       2.9000001       1431.6983
       13.770000       992.32485
       2.4100001       1316.9850
       6.5900002       1097.4529
       2.4300001       1104.5645
       4.4899998       1079.9316
       2.3399999       980.67832
       1.8900000       1223.1943
       2.0999999       1335.5370
       5.3400002       1042.8275
       2.0699999       1452.6208
       2.7600000       1161.3543
       2.7900000       1125.8993
       2.2900000       759.39408
       2.1300001       944.91416
       2.1400001       1276.3767
       7.0000000       1105.9043
       2.0799999       1020.0498
       2.2000000       792.37543
       2.3399999       832.67449
       2.3000000       1152.5936
       6.2500000       1211.7539
       2.4500000       1116.0049
       2.5999999       1033.5515
       2.3800001       1065.5022
       2.5300000       1331.1051
       3.0000000       1149.3985
       2.5300000       1291.2183
       2.8299999       842.87812
       3.7400000       860.39946
       5.8000002       1180.9369
       7.3600001       1645.7678
       4.2100000       1123.5288
       5.5100002       1348.7296
       2.8499999       701.67672
       7.1999998       1681.8411
       2.9100001       1121.1582
       3.0699999       920.48734
       4.8499999       1062.4102
       3.3000000       1074.7782
       3.1900001       1616.9091
       3.9900000       1038.6018
       3.7100000       902.96600
       3.4700000       1077.8702
       3.3099999       870.70613
       4.0200000       952.74721
       3.4200001       1204.6423
       3.7200000       875.85947
       4.0900002       1191.2436
       3.8699999       1355.1197
       3.7600000       1158.7776
       3.8699999       1080.2408
       4.5000000       605.82468
       4.1700001       1106.7289
       4.0300002       1450.9717
       5.0900002       1115.4896
       6.7800002       994.59233
       4.2500000       1114.9742
       4.6500001       1455.0944
       4.6799998       915.33400
       5.5799999       1114.9742
       4.4000001       1073.2322
       4.3800001       1070.6555
       4.6399999       1199.4889
       4.5500002       819.58507
       5.1300001       993.35552
       5.5200000       1098.4836
       5.4800000       1332.1357
       5.5500002       902.96600
       5.3600001       877.09628
       6.1599998       1148.0586
       5.4000001       1125.2809
       7.9600000       658.80100
       6.1199999       1000.5702
       6.7100000       1289.1570
       7.1100001       763.51675
       6.5400000       982.01818
       6.5700002       1009.5370
       17.250000       1394.6973
       11.880000       1040.5601
       17.620001       1242.8800
       5.9299998       1356.1503
       15.650000       1147.2342
       9.1899996       1457.6710
       6.7100000       1363.3650
       9.4700003       1355.8411
       11.130000       1406.5500
       6.6700001       877.92080
       9.4799995       1220.4115
       9.2799997       1095.1855
       6.9400001       792.37543
       7.4899998       912.96348
       7.0999999       910.90215
       6.8899999       1301.7311
       7.6700001       1189.1823
       7.2600002       959.13736
       10.750000       1027.8829
       8.6400003       1079.9316
       9.5000000       1291.3214
       9.4899998       944.91416
       9.3000002       1144.7605
       10.460000       930.48482
       15.860000       1072.7169
       11.910000       1028.9135
       14.050000       1343.6793
       12.240000       1387.1734
       16.990000       1253.5990
       12.190000       1056.7415
       17.059999       1103.1216
       14.540000       1070.8616
       24.020000       1252.6713
       13.100000       1214.5367
       18.680000       679.72353
       10.620000       805.56796
       2.7700000       1345.8437
       1.2400000       381.13925
       3.8699999       1006.7542
       1.5100000       618.19269
      0.56999999       1009.8462
       3.1300001       910.90215
       1.4000000       1173.7223
      0.69000000       1186.0903
       1.3400000       1075.8089
       2.0500000       684.15538
       1.4900000       1107.7596
       1.0800000       953.98402
       2.2200000       1610.7251
       1.6000000       828.55182
      0.98000002       1326.2610
       1.1300000       1025.3062
       1.7800000       1045.9195
       1.8500000       1001.6009
      0.85000002       1118.0662
       3.0200000       997.47818
       1.9900000       1331.4143
       2.1700001       1279.8810
       1.7000000       1477.9751
       1.4600000       1272.6663
      0.97000003       843.90879
       2.5799999       937.69949
       1.6400000       848.75293
       2.0599999       889.25814
       1.5400000       788.25276
       1.9299999       864.52213
       1.4500000       901.62614
       1.6000000       790.31410
       1.0500000       912.96348
       1.2200000       963.98150
       3.5699999       941.82216
      0.50000000       1091.2689
      0.41000000       1195.3663
       2.9800000       1469.5237
       1.1700000       1139.7102
       1.0700001       1111.8822
      0.49000001       1026.3369
       1.6900001       750.11808
      0.69999999       1112.0883
       1.3000000       1069.6249
      0.94000000       953.15950
      0.88999999       536.76999
       3.0599999       1607.6331
       1.4500000       730.53540
       1.6300000       1108.7902
       1.6200000       1279.8810
       3.2200000       736.71941
       1.0900000       1178.8756
      0.91000003       698.58472
       1.2700000       823.29544
       1.3200001       1499.4131
       1.6300000       1157.2316
      0.75999999       1459.2170
      0.81000000       1228.3476
       1.9299999       1019.1222
       2.0000000       1092.2996
       3.5300000       1131.4649
       1.3000000       1471.5851
       1.5800000       1332.4450
      0.52999997       1662.2585
       3.1700001       1181.9676
      0.81999999       997.47818
       2.2100000       1238.6543
       3.1500001       1435.7178
       2.8399999       734.65807
       2.7300000       900.59548
       1.1000000       2332.1921
      0.37000000       1096.4222
       5.0799999       1340.6903
       1.5400000       1719.9758
       1.3099999       567.69000
       3.9000001       856.27679
      0.94999999       438.85661
       4.0599999       1431.3890
       1.9500000       878.95147
      0.62000000       1064.4715
      0.79000002       1239.6850
       1.0599999       1042.8275
       1.2000000       868.64480
       1.7400000       1588.0504
      0.94000000       676.94071
       1.3500000       924.30082
       4.1599998       1290.1876
       12.130000       42.049774
       19.660000       42.049774
       21.080000       282.50440
       20.580000       160.57649
       15.110000       264.36468
       10.520000       41.019107
       17.690001      -38.342260
       12.490000       244.36972
       13.640000       282.71054
       18.700001       63.796849
       11.250000       260.44813
       16.469999       76.061789
       10.780000       22.467099
       25.150000       211.69759
       15.550000       82.245791
       8.7399998       149.23915
       20.709999       35.865771
       16.040001       140.68461
       15.140000       253.85187
       18.920000       212.10985
       12.760000       293.53255
       7.0000000      -120.79563
       14.490000      -77.610676
       7.3800001       282.19521
       20.450001       78.123123
       6.4800000      -137.28630
       17.590000       176.44876
       8.6800003     -0.20757736
       6.4699998       194.58851
       13.820000       86.368460
       19.200001       89.460461
       17.670000       93.583130
       11.050000       96.881261
       16.590000       138.93248
       4.6900001       18.344431
       6.5599999       201.80318
       5.3699999       72.969787
       14.180000      -18.759585
       8.0900002       74.000455
       6.2500000       263.02480
       15.690000       136.87115
       17.379999       282.19521
       19.440001       279.10321
       15.890000       121.41114
       17.190001       46.172443
       16.520000       269.41494
       4.2500000      -17.213585
       13.540000      -43.495596
       7.2300000       265.60146
       21.490000       150.26982
       5.4099998       88.429794
       10.750000      -22.882254
       5.5700002       290.44055
       15.470000       151.19741
       8.7299995       285.28721
       16.580000       240.65932
       14.430000       302.19015
       14.810000       358.46458
       6.0999999       160.57649
       5.0599999      -23.088387
       11.110000       357.43391
       17.690001       194.58851
       9.5299997      -4.9486465
       17.180000       18.035231
       23.950001       124.50314
       5.1700001      -30.096924
       12.310000       338.88190
       14.540000       318.26856
       13.380000       11.129761
       9.7100000       100.38553
       11.000000       186.34317
       19.809999       244.88505
       9.8500004       137.90182
       11.100000       187.78610
       7.6900001       102.85913
       3.8800001      -54.832934
       9.3699999       12.160428
       17.340000      -61.016937
       16.459999       100.48860
       3.7900000       27.620435
       17.290001       51.531908
       6.1399999       239.73173
       12.410000       108.01247
       16.770000       124.50314
       15.680000       283.22588
       15.050000       216.23252
       6.4600000       123.47248
       18.230000       182.01437
       18.389999       204.89518
       6.0100002       234.78452
       17.830000      -47.618264
       7.2199998       233.23852
       18.959999       45.141775
       19.440001       81.215124
       18.129999       31.743103
       6.1700001       67.816452
       6.1300001       53.387112
       15.560000       220.35518
       15.050000       208.29638
       6.8000002       256.42853
       13.210000       139.96315
       7.1599998       78.638457
       8.3000002       43.080441
       15.570000       10.099094
       7.7300000       361.55658
       17.150000       120.38047
       7.7700000       193.55784
       18.910000       139.34474
       7.8499999      -62.047604
       11.330000       261.99413
       14.880000       118.31914
       8.3100004       124.50314
       11.520000       25.559100
       18.680000       204.07064
       14.880000      -22.882254
       12.410000       155.62929
       22.170000       188.40450
       12.590000      -43.495596
       9.1700001       178.09783
       9.2700005       111.10447
       14.380000       293.53255
       10.320000       394.53793
       10.020000      -52.462401
       13.050000       261.37572
       17.389999       75.031122
       17.740000       214.06811
       18.049999       268.17813
       19.520000       220.35518
       12.770000       252.71812
       10.900000       201.08171
       20.070000       123.47248
       14.400000       252.71812
       12.000000       256.84079
       18.410000       133.77915
       17.299999       261.58187
       14.520000       137.18035
       13.360000       70.908453
       17.889999       5.9764253
       19.480000       169.64637
       15.030000      -36.280926
       19.870001       47.203110
       15.640000       79.153790
       13.880000       268.07506
       13.500000       161.09183
       18.540001       272.71306
       13.910000       74.000455
       16.000000       275.70202
       18.090000       271.16706
       19.030001       148.20849
       19.389999       447.10195
       21.549999       424.42727
       16.570000       271.78547
       16.760000      -12.575583
       14.450000       278.27869
       20.790001       255.39787
       15.920000       120.38047
       22.459999       193.76397
       16.920000       180.98370
       18.580000       289.40988
       18.420000       246.12186
       16.070000       176.03650
       19.900000       129.65648
       16.160000       262.40639
       16.299999       255.81013
       16.410000       97.705798
       18.840000       261.78801
       20.219999       159.54582
       22.700001       264.88002
       17.450001       71.939120
       14.280000      -57.924935
       18.110001      -30.096924
       15.770000       186.44624
       13.310000       205.92584
       19.290001       388.35392
       15.430000       109.04314
       13.830000       224.47785
       15.970000      -170.26765
       12.880000       5.9764253
       18.730000       287.14240
       19.709999       252.71812
       12.620000       57.509781
       20.180000       131.20248
       17.139999       270.54868
       20.860001       16.283096
       12.490000       4.9457582
       19.100000       47.203110
       16.049999       300.74722
       11.420000       264.15854
       11.250000       263.64320
       14.330000       217.26318
       20.629999      -15.667584
       4.6399999      -75.446276
       6.0000000      -263.02769
       5.9600000      -108.42762
       34.560457       1027.8159
       32.095648       939.68439
       32.944897       1096.5411
       27.190175       1476.8341
       25.684566       1409.5465
       20.219878       827.87665
       20.500061       905.88800
       18.630102       1293.2872
       18.365550       1288.3591
       16.522160       1197.1178
       27.928463       1115.8353
       18.327671       731.93665
       34.661833       1117.3682
       14.186187       888.37109
       13.904656       1153.2938
       12.472347       1154.4727
       12.874558       936.99475
       11.970596       991.39532
       30.597007       799.74921
       10.294680       853.34344
       25.548510       1148.7593
       7.0385525       1273.5964
       6.3261351       880.97943
       15.675503       1294.3212
       5.3593742       1268.8134
       10.541666       1287.2985
       14.897090       1036.2096
       3.1735045       964.39124
       5.1733178       1182.5212
       3.8299920       812.38116
       5.0127534       1072.6686
       2.8385854       1176.1360
       6.5860679       604.33179
       1.6791432       1125.9545
       3.6893916       933.03571
       1.7306960       1171.1447
       1.5294878       1041.9189
       6.2961177       1187.5760
       8.9224788       1123.5684
       1.9440715       1065.6099
       2.0455180       912.56659
       1.2489552       1084.8409
       8.3794687       808.06140
       3.1984165       1244.1603
       1.4726679       951.27051
       4.1342435       941.74756
       8.1607498       996.74030
       1.5314562       961.97174
       12.810142       991.14520
       20.757222       1199.6997
       23.322136       1153.0737
       15.868856       1107.6451
       2.3851852       1179.8868
       1.0475349       1089.8097
       1.2973215       916.30682
       7.3098850       1015.7750
       2.0699942       989.45984
       2.3447332       1206.0066
       2.3505691       2396.7661
       2.7933046       1242.0995
       3.1511807       894.53687
       21.037969       1020.0615
       4.0905058       930.70605
       4.0887272       1151.4872
       11.788522       1206.7677
       11.852808       955.44330
       5.8620750       756.93359
       8.2950909       905.72870
       5.7529858       752.33032
       10.523192       901.78552
       6.2959906       1159.3334
       5.7500967       696.91803
       7.7658642       1330.8285
       9.5927851       1211.2937
       7.6877610       1479.4237
       15.265941       1165.4423
       27.498827       1176.0635
       37.077322       1293.8079
       16.529270       1365.2316
       14.711335       1194.5851
       15.623425       776.37354
       18.394926       690.63605
       17.816544       1149.8085
       23.484963       1086.2521
       20.458615       1278.9637
       20.404583       1015.4115
       21.029337       932.02600
       24.146806       1049.0198
       33.750468       1168.0735
       32.087865       1131.1667
       25.778072       1274.6134
       32.569439       1251.1217
       39.900060       188.52266
       40.029196      -40.843735
       39.339071       194.12917
       39.725567      -43.577797
       38.433274      -73.849701
       37.974788      -48.748516
       37.194969      -24.398567
       36.599476       99.077110
       35.200462       11.882788
       34.830230       173.03450
       35.221857      -6.5470214
       38.621647      -28.589935
       35.690322       177.85280
       37.472583      -13.809319
       35.185800       60.783764
       33.293939      -1.8302536
       37.460000      -39.489285
       35.256437       71.854996
       35.562612      -14.780957
       37.095918      -2.5364928
       33.814977       175.51398
       32.902008      -111.76662
       31.775821      -10.378201
       36.072840       54.533398
       31.552031       34.290985
       35.050089       142.40913
       33.877319       50.242077
       31.844499       17.541876
       30.751662       62.859028
       30.021079       139.24446
       29.315247       505.41345
       35.715336       156.56825
       28.644832      -22.979630
       30.639526       78.770905
       31.286246       345.81958
       31.545038       112.27357
       28.414736       238.86429
       29.077974       168.46004
       28.042467       181.92097
       29.035208       57.494568
       29.895992       62.024887
       27.953130      -5.8464098
       37.056117       299.76224
       32.762489       43.980404
       33.094842       3.7033749
       28.497003       239.26202
       27.133971       189.88936
       26.163994       152.89159
       32.301069       37.843472
       28.864064       49.230686
       28.522707      -52.205517
       28.671555      -132.89331
       25.102163       259.49713
       34.742763       84.790581
       34.916219       160.56825
       24.668489       68.824944
       28.806305       5.1545773
       32.336359       63.518497
       27.416971       44.253807
       24.055485       183.55812
       27.519378      -56.330036
       33.902236       51.772869
       24.622158       31.457914
       34.362496       224.12212
       26.272926       163.15048
       24.651201       271.96301
       31.296509       21.650759
       26.827074       72.517303
       24.148025       173.10162
       23.112647       149.95030
       33.227589       36.197079
       23.110467       42.765411
       22.664797       241.70085
       23.788853       49.490494
       21.890472      -20.186468
       34.265698      -28.136513
       34.412340       20.864748
       22.671097       21.261875
       25.362243      -81.314682
       33.923179       218.09447
       21.246922       136.60147
       34.168750       180.74039
       23.827619       88.933769
       24.603763       62.134716
       24.257866       97.685966
       26.964704       69.073891
       29.008141       124.25150
       32.084874       19.208941
       23.446425       93.462143
       25.859730       17.790451
       22.555371       51.209431
       24.982060       240.37563
       21.010819       103.58905
       20.216630       149.30133
       27.826600       18.612410
       21.779829       213.82678
       23.077623       84.024963
       20.201412       107.75857
       20.197234       65.171349
       33.318510       195.71175
       35.889975       107.35487
       28.924105       165.64995
       28.284975       11.100976
       19.548788       324.63669
       38.971223       34.170864
       26.357681       23.994858
       18.705645       142.16855
       29.425984       263.94473
       21.103486       236.29156
       28.845812       73.486145
       23.142834       74.392593
       18.446269       195.43436
       23.504189       31.759462
       19.197446       17.592758
       24.176979       261.31921
       17.922676       57.260963
       20.219113       139.59525
       24.543123       34.688499
       21.776790       107.27020
       17.766595       234.18875
       33.385463       232.60480
       23.535796       231.38667
       29.243391       30.864040
       18.411511      -80.067886
       32.324649       199.86212
       31.119294       310.18713
       22.380451       50.444080
       17.468004       61.326424
       22.221937      -30.553537
       28.520148      -18.387527
       27.673749       19.299032
       24.465221       9.2158031
       17.758951       97.669037
       35.042567       183.83379
       30.659231       196.15527
       15.593486       29.663040
       30.420490       6.3583522
       24.412985       260.27539
       21.736995       49.750851
       20.067987       89.237175
       21.541263       7.9551201
       32.488828      -42.742474
       24.304470       179.42705
       20.219889       96.165817
       15.064739       190.07040
       31.888606       52.775143
       15.183883       190.75696
       14.093944       229.30678
       14.369300       27.010414
       20.174688       36.006947
       37.182664       33.948887
       15.181778       86.589859
       26.011591      -37.434929
       33.175249       166.62601
       28.770250       91.382034
       15.666316       32.867432
       23.807458       116.22709
       27.428393      -9.4669781
       38.495650       144.42958
       22.798152      -17.005384
       33.244866       77.899406
       28.734743       84.638557
       28.215129       131.54691
       13.151547       31.124640
       14.584780      -25.323690
       24.520517       88.657715
       33.697016       62.382801
       22.911257      -52.982304
       38.223014       89.468651
       21.998550       212.56438
       22.479371       25.960337
       33.829993       57.815876
       12.299868       126.31881
       27.079570       353.32333
       11.560507       75.589218
       14.397820      -29.937733
       22.819171       178.33020
       17.490038       402.43100
       17.780984       55.645412
       22.949862       261.22394
       25.015381       59.027920
       27.830312       206.52228
       10.980176       118.95244
       34.263255       193.15742
       37.244404       62.961658
       9.8078349      -58.853458
       10.499468      -3.8357430
       25.681259       27.981575
       11.756937      -90.963097
       19.119828      -45.471317
       33.383796       55.259357
       36.955045       22.119869
       29.836437       87.718178
       11.378196       245.90706
       31.328517      -65.833511
       22.732699       160.16507
       20.829187      -163.53094
       17.596135       147.38533
       21.724846       27.067638
       13.429667       158.88423
       13.430788       83.475029
       21.196796       373.68732
       23.768888       114.55509
       14.679579       18.491287
       27.188489       131.61998
       41.629334       96.308182
       16.665118       172.50826
       24.817945       94.275665
       11.741329      -39.672543
       7.1369378       18.506720
       30.480905       312.44397
       17.447688      -25.091211
       21.679605       110.96243
       26.856386       130.94125
       11.958107       18.747274
       15.250801       111.33937
       35.917642       123.03757
       20.953142       347.37354
       26.122050      -18.888786
       28.232231       112.85426
       20.841468      -27.166893
       23.652710       110.82793
       32.342380      -55.591431
       39.555461       143.79494
       17.983824       75.277977
       27.127553       381.91452
       31.236427       61.549713
       27.390937       133.44894
       37.968302       219.45001
       31.030620       144.30855
       5.1993072       9.8312321
       17.939676       126.61841
       18.282540      -34.640385
       12.404733       105.39206
       19.986493       51.758797
       31.154182       125.44549
       11.516354       14.964607
       23.535212      -11.874797
       9.4164331       55.347889
       31.207922       147.34381
       26.953091       115.76682
       23.117371       45.225525
       28.625242       184.70987
       12.716231      -10.416607
       21.234797       114.71434
       17.575102       169.36397
       31.129403       278.98166
       35.970715      -44.849575
       25.161389       127.39947
       40.784830      -10.685620
       13.953564       100.94351
       33.749370       390.57660
       12.027460       236.25728
       38.231463      -145.19887
       24.548332      -10.741132
       13.204295      -68.461182
       7.9138301       204.91884
       10.930402       204.50534
       33.559452       80.503380
       17.298884       28.026224
       9.0711351       100.65625
       29.030427       47.574047
       22.138573       98.811440
       41.589064       147.28229
       20.613750       65.762634
       25.701172       26.718895
       23.023459       163.75783
       33.231152       67.994385
       23.827601       23.368998
       24.753677       116.74343
       24.004973       96.735382
       25.231898       142.29193
       34.963045      -22.197187
       37.508698       222.24486
       35.587876       312.14270
       47.342008       52.778233
       17.844971       88.661407
       14.467864       59.128380
       21.192710       223.41696
       13.551480       20.386164
       19.974808       62.086819
       27.265680       52.918365
       34.678201       169.14952
       18.642388       152.70757
       14.029337      -6.0543170
       26.808765       44.182384
       38.343796      -48.579067
       7.4412286       219.62857
       7.6148322       74.116638
       13.362492      -70.451065
       20.503148       147.40616
       24.183759       228.58487
       9.1714769      -57.209614
       20.477959       34.127224
       32.102124       125.11442
       48.105173       110.08084
       6.2021188      -35.860229
       29.594409       170.57918
       20.387548       109.42173
       15.181818       256.72946
       25.952687       114.92516
       30.209303       66.776733
       24.246155       37.409966
       28.267578       138.19183
       31.089196       128.77069
       39.760376       203.26291
       23.055633       7.0982237
       33.051358       61.032978
       26.601474       7.0771503
       13.846774       91.647293
       21.771407       189.16191
       32.098188       91.482521
       18.762772       44.709705
       22.382114       79.677208
       27.368076       27.448435
       18.598682      -45.019497
       21.145144       270.71393
       35.090694       359.86392
       16.352981       87.798698
       31.195235       116.39333
       7.6249044       322.37592
       24.758491       180.65492
       28.999581       79.242973
       12.022387       240.11420
       30.668935       436.28156
       9.4599745       197.46156
       37.230729      -91.800980
       23.244829       139.56696
       23.236197       196.31602
       26.480586       17.824753
       36.367657      -22.183445
       9.3723409       95.137428
       34.191005       220.82936
       10.583525       80.432762
       16.029719      -35.393616
       26.492702       228.20576
       9.7990797       63.821930
       10.325026       154.16956
       17.432563       160.69646
       10.842320      -22.752560
       28.347566       49.818039
       37.186343       251.65063
       11.195114       144.69176
       24.068731       135.39743
       32.765280       141.55414
       14.167893      -178.03418
       33.796177       163.54924
       30.208535       170.26297
       24.064876       43.497494
       35.053039       240.28749
       18.977259       93.106392
       24.650434       123.98225
       29.259944      -31.175734
       21.578781     -0.66627592
       12.775884       94.013008
       32.977330       4.4323144
       43.620619       119.59679
       31.827966       49.625271
       15.093457       49.530010
       29.174540       54.895782
       24.944287       38.519474
       14.219839       120.53635
       20.122772       35.641640
       35.020561       190.79362
       31.718374       104.55091
       26.710292       99.206665
       23.384782      -26.527306
       25.510057       162.86819
       19.671346       49.102283
       19.261203      -20.462214
       39.194170       132.21082
       18.966815      -47.600552
       34.878240       163.67238
       17.447133       235.48392
       18.143061      -16.057142
       24.608676       108.01031
       21.535913       284.43698
       31.194682       30.329548
       18.620157       79.960312
       16.719876     -0.69912738
       24.305458       182.02559
       17.755329       274.51947
       26.445330       69.266121
       18.278470       24.784113
       20.494376       184.76428
       17.781522       43.742901
       20.570164       21.808302
       46.107559      -1.2684648
       23.231145       223.39633
       34.523200       70.406609
       20.582831       63.915165
       30.375852       81.169724
       46.759947       69.258980
       28.963430       107.84026
       40.849619       215.83730
       21.663377       2.7172930
       24.209939       176.39993
       19.760910       46.181801
       36.670239       87.890656
       27.357716       120.68179
       29.772630       169.75282
       26.136107       60.939655
       43.600761       75.472206
       20.614701       109.25797
       46.626910       132.94856
       20.996571       46.818043
       23.508675       181.65404
       20.853160       86.990013
       21.078858       165.28720
       35.789315      -73.877563
       21.164801       274.04370
       33.583304       259.17862
       23.608588       122.03055
       22.379650       195.41045
       21.520424       214.35107
       27.126814       12.116755
       22.927951       175.83174
       22.404529       100.83456
       39.759026       50.243984
       25.428170       147.86757
       23.260684       160.47304
       26.204558       224.50304
       27.811186       3.2577915
       23.805112       94.921692
       23.770102       89.168274
       30.192342       228.62206
       24.202584       103.36682
       24.009584       110.12014
       29.986688       204.21112
       37.711395      -69.615425
       34.104619      -6.9107981
       33.382910       94.458771
       31.953600       90.493332
       28.051308      -13.026156
       37.807981       234.45160
       30.135190       181.77071
       27.933335       89.849701
       25.569536       97.191994
       25.344990       348.86530
       25.398550       152.16623
       29.214697      -11.484845
       27.633577       130.53815
       26.376163       117.53265
       27.150585       181.80182
       26.005538       28.910217
       27.896899       109.02029
       35.123273       217.96216
       26.693954       63.946049
       37.120639       103.75511
       32.139884       95.435562
       27.702747       177.80489
       29.181369       344.35834
       35.989739       42.918934
       31.432324       57.866634
       45.381776       136.81213
       40.284688       168.31261
       29.211029       4.1715460
       33.315305      -65.723610
       30.224702       107.17565
       29.865983       179.80121
       43.794870       200.31099
       30.237504       73.874924
       32.007796       251.99834
       38.987837       19.758381
       30.282471       117.18575
       37.587071       47.993717
       30.568491       88.424454
       35.086015      -76.967087
       45.779882       38.581234
       33.270294       287.74448
       33.453405       74.153786
       36.844667       59.668243
       41.580118       237.54814
       45.198928       184.40697
       34.187361       178.71243
       45.258268       175.03062
       44.497591       58.511883
       42.661030       191.27551
